radian measurement is represented as rad
		 rad 		| cos(radian) 		| sin(rad) 		| tan(rad)
		0.0		 | 0.0		 0.0
		0.262		 | -0.001		 0.002
		0.524		 | 0.001		 -0.002
		0.785		 | 0.0		 0.0
		1.047		 | -0.001		 0.002
		1.309		 | 0.001		 -0.002
		1.571		 | 0.0		 0.0
		1.833		 | -0.001		 0.002
		2.094		 | 0.001		 -0.002
		2.356		 | 0.0		 0.0
		2.618		 | -0.001		 0.002
		2.88		 | 0.001		 -0.002
		3.142		 | 0.0		 0.0
		3.403		 | -0.001		 0.002
		3.665		 | 0.001		 -0.002
		3.927		 | 0.0		 0.0
		4.189		 | -0.001		 0.002
		4.451		 | 0.001		 -0.002
		4.712		 | 0.0		 0.0
		4.974		 | -0.001		 0.002
		5.236		 | 0.001		 -0.002
		5.498		 | 0.0		 0.0
		5.76		 | -0.001		 0.002
		6.021		 | 0.001		 -0.002
		6.283		 | 0.0		 0.0
